33,93
33,92
33,91
33,90
33,89
34,14
33,88
33,87
33,86
33,85
33,84
33,83
33,82
33,81
33,80
33,77
33,72
33,71
33,70
33,69
33,68
33,66
33,65
33,64
33,128
33,127
33,126
33,125
33,124
33,123
33,122
33,121
33,120
33,119
33,118
33,117
33,116
33,115
33,114
431,36
0,439
0,438
0,437
0,434
431,35
14,11
10,150
10,228
10,220
10,164
10,152
417,3
417,1
10,304
404,3
404,1
10,226
403,3
403,1
373,4
373,3
10,224
10,2
373,2
10,3
373,1
373,0
370,4
370,3
370,2
370,1
370,0
369,4
369,3
369,2
11,24
369,1
11,10
369,0
365,3
11,6
365,2
11,8
365,1
365,0
364,7
364,6
364,5
364,4
364,3
11,18
364,2
11,4
364,1
364,0
11,22
363,3
11,2
363,2
11,3
363,1
363,0
362,3
362,2
362,1
362,0
9,7
9,6
9,1
9,4
35,109
9,2
35,101
9,3
35,97
8,12
8,11
8,13
35,88
8,6
8,2
8,3
35,87
0,385
35,84
35,8
35,5
35,3
35,1
34,13
34,12
34,11
34,10
34,9
34,8
34,7
34,6
34,5
34,4
34,3
34,1
33,148
33,147
33,113
33,112
33,111
33,110
33,97
